
  1  2  3  4  5
  2  4  6  8 10
  3  6  9 12 15
  4  8 12 16 20
  5 10 15 20 25
  1  2  3  4  5  6  7  8  9 10
  2  4  6  8 10 12 14 16 18 20
  3  6  9 12 15 18 21 24 27 30
  4  8 12 16 20 24 28 32 36 40
  5 10 15 20 25 30 35 40 45 50
  6 12 18 24 30 36 42 48 54 60
  7 14 21 28 35 42 49 56 63 70
  8 16 24 32 40 48 56 64 72 80
  9 18 27 36 45 54 63 72 81 90
 10 20 30 40 50 60 70 80 90100
  1  2  3  4  5
  2  4  6  8 10
  3  6  9 12 15
  4  8 12 16 20
  5 10 15 20 25
  1  2  3  4  5  6  7  8  9 10 11 12
  2  4  6  8 10 12 14 16 18 20 22 24
  1  2  3  4  5  6  7  8  9 10
  2  4  6  8 10 12 14 16 18 20
  3  6  9 12 15 18 21 24 27 30
  4  8 12 16 20 24 28 32 36 40
  5 10 15 20 25 30 35 40 45 50
  1  2  3  4  5  6  7  8  9 10 11 12 13 14 15 16 17 18 19 20
  2  4  6  8 10 12 14 16 18 20 22 24 26 28 30 32 34 36 38 40
  3  6  9 12 15 18 21 24 27 30 33 36 39 42 45 48 51 54 57 60
  4  8 12 16 20 24 28 32 36 40 44 48 52 56 60 64 68 72 76 80
  5 10 15 20 25 30 35 40 45 50 55 60 65 70 75 80 85 90 95100
  1  2  3  4  5  6  7  8  9 10 11 12 13 14 15 16 17 18 19 20 21 22 23 24 25
  2  4  6  8 10 12 14 16 18 20 22 24 26 28 30 32 34 36 38 40 42 44 46 48 50
  3  6  9 12 15 18 21 24 27 30 33 36 39 42 45 48 51 54 57 60 63 66 69 72 75
  1  2  3  4  5  6  7  8  9 10
  2  4  6  8 10 12 14 16 18 20
  3  6  9 12 15 18 21 24 27 30
  4  8 12 16 20 24 28 32 36 40
  5 10 15 20 25 30 35 40 45 50
  6 12 18 24 30 36 42 48 54 60
  7 14 21 28 35 42 49 56 63 70
  8 16 24 32 40 48 56 64 72 80
  9 18 27 36 45 54 63 72 81 90
 10 20 30 40 50 60 70 80 90100
  1  2  3  4  5
  2  4  6  8 10
  3  6  9 12 15
  4  8 12 16 20
  5 10 15 20 25
  0  0  0  0  0
  0  0  0  0  0
  0  0  0  0  0
  0  0  0  0  0
  0  0  0  0  0